%YAML:1.0
---
type: IMU
name: visualSLAM
Gyr:
   unit: " rad/s"
   avg-axis:
      gyr_n: 2.1099228867759541e+00
      gyr_w: 4.5726226431543407e-03
   x-axis:
      gyr_n: 2.1428871690788069e+00
      gyr_w: 4.8477797168896648e-03
   y-axis:
      gyr_n: 2.1200996340710971e+00
      gyr_w: 4.8477797168896648e-03
   z-axis:
      gyr_n: 2.0667818571779586e+00
      gyr_w: 4.0223084956836934e-03
Acc:
   unit: " m/s^2"
   avg-axis:
      acc_n: 2.6488440697382920e+00
      acc_w: 9.5815663606261033e-03
   x-axis:
      acc_n: 2.5647419121728787e+00
      acc_w: 1.0509107041039432e-02
   y-axis:
      acc_n: 2.6830664273718927e+00
      acc_w: 7.5343251877407974e-03
   z-axis:
      acc_n: 2.6987238696701037e+00
      acc_w: 1.0701266853098083e-02
