%YAML:1.0
---
type: IMU
name: visualSLAM
Gyr:
   unit: " rad/s"
   avg-axis:
      gyr_n: 2.1247849579931569e-01
      gyr_w: 7.1039385040491513e-04
   x-axis:
      gyr_n: 2.1466443236510366e-01
      gyr_w: 5.9209911777241173e-04
   y-axis:
      gyr_n: 2.1318365487399066e-01
      gyr_w: 5.6667663964102115e-04
   z-axis:
      gyr_n: 2.0958740015885285e-01
      gyr_w: 9.7240579380131263e-04
Acc:
   unit: " m/s^2"
   avg-axis:
      acc_n: 2.6748162045579832e-01
      acc_w: 3.1950681609428586e-03
   x-axis:
      acc_n: 2.6653450869158668e-01
      acc_w: 3.3277192488006956e-03
   y-axis:
      acc_n: 2.7008739948651428e-01
      acc_w: 3.0017098361110146e-03
   z-axis:
      acc_n: 2.6582295318929389e-01
      acc_w: 3.2557753979168651e-03
