%YAML:1.0
---
type: IMU
name: visualSLAM
Gyr:
   unit: " rad/s"
   avg-axis:
      gyr_n: 2.1904320371269714e-01
      gyr_w: 4.8477797168896648e-03
   x-axis:
      gyr_n: 2.2133240616818661e-01
      gyr_w: 4.8477797168896648e-03
   y-axis:
      gyr_n: 2.1769395702795366e-01
      gyr_w: 4.8477797168896648e-03
   z-axis:
      gyr_n: 2.1810324794195110e-01
      gyr_w: 4.8477797168896648e-03
Acc:
   unit: " m/s^2"
   avg-axis:
      acc_n: 5.1695331585100901e-01
      acc_w: 3.4857122994701450e-02
   x-axis:
      acc_n: 5.0017194041848945e-01
      acc_w: 3.3529226449726689e-02
   y-axis:
      acc_n: 5.0626686852273306e-01
      acc_w: 3.4502832664575434e-02
   z-axis:
      acc_n: 5.4442113861180430e-01
      acc_w: 3.6539309869802215e-02
